Level	AC	AC(N)	AC(H)	L-AC	L-AC(N)	L-AC(H)	TH	TH(N)	TH(H)	L-TH	L-TH(N)	L-TH(H)	HP	HP(N)	HP(H)	L-HP	L-HP(N)	L-HP(H)	DM	DM(N)	DM(H)	L-DM	L-DM(N)	L-DM(H)	XP	XP(N)	XP(H)	L-XP	L-XP(N)	L-XP(H)
0	1	1	1	1	1	1	1	1	1	1	1	1	1	1	1	1	1	1	1	1	1	1	1	1	1	1	1	1	1	1
1	4	100	190	4	100	190	45	75	324	13	75	324	8	1500	2400	8	1500	2400	18	3	3	1	4	4	60	156	234	60	156	234
2	7	120	208	5	120	208	60	113	381	14	113	381	10	1500	2400	6	1500	2400	19	5	5	3	6	7	70	182	273	70	182	273
3	10	132	226	6	132	226	75	162	438	15	162	438	15	1500	2400	10	1500	2400	20	5	5	6	6	7	80	207	311	80	207	311
4	16	144	243	7	144	243	90	189	495	17	189	495	20	1500	2400	13	1500	2400	21	7	8	5	8	11	45	234	351	95	234	351
5	24	156	261	8	156	261	105	216	552	19	216	552	25	1500	2400	16	1500	2400	22	8	11	6	10	15	110	260	390	110	260	390
6	30	168	278	9	168	278	128	243	609	21	243	609	30	1500	2400	20	1500	2400	23	8	11	7	10	15	130	285	428	130	285	428
7	36	180	296	10	180	296	150	270	666	23	270	666	40	1500	2400	25	1500	2400	24	11	13	8	13	18	150	312	468	150	312	468
8	42	192	314	11	192	314	165	297	723	25	297	723	50	1500	2400	35	1500	2400	26	12	13	9	14	18	170	338	507	70	338	507
9	48	204	331	48	204	331	182	324	780	182	324	780	60	1500	2400	41	1500	2400	29	13	16	10	16	22	190	363	545	90	363	545
10	54	216	349	54	216	349	198	351	837	198	351	837	70	1500	2400	46	1500	2400	32	14	18	20	17	25	210	401	602	110	401	602
11	60	228	366	60	228	366	215	378	894	215	378	894	80	1500	2400	55	1500	2400	35	16	18	25	19	25	240	440	660	140	440	660
12	66	240	384	66	240	384	231	405	951	231	405	951	90	1500	2400	75	1500	2400	38	18	20	23	22	28	270	482	723	170	482	723
13	72	252	402	72	252	402	248	432	1008	248	432	1008	100	1500	2400	79	1500	2400	41	18	20	15	22	28	300	533	800	100	533	800
14	78	264	419	78	264	419	264	459	1065	264	459	1065	110	1500	2400	85	1500	2400	44	20	21	20	24	29	330	584	876	130	584	876
15	84	276	437	184	276	437	282	486	1122	282	486	1122	170	1500	2400	100	1500	2400	47	21	25	21	25	35	360	644	966	160	644	966
16	90	288	454	190	288	454	300	513	1179	300	513	1179	180	1500	2400	115	1500	2400	50	21	25	24	25	35	390	708	1062	190	708	1062
17	96	300	472	196	300	472	330	540	1236	330	540	1236	1190	1500	2400	120	1500	2400	53	24	27	26	29	38	420	779	1169	220	779	1169
18	102	312	490	102	312	490	360	567	1293	360	567	1293	200	1500	2400	150	1500	2400	56	25	27	28	30	38	460	857	1286	260	857	1286
19	108	324	507	108	324	507	380	594	1350	380	594	1350	205	1500	2400	160	1500	2400	59	26	31	29	31	43	500	942	1413	300	942	1413
20	114	336	525	114	336	525	396	621	1407	396	621	1407	200	1500	2400	170	1500	2400	62	27	33	31	32	46	550	1035	1553	350	1035	1553
21	120	348	542	120	348	542	420	648	1464	420	648	1464	185	1500	2400	185	1500	2400	62	29	33	31	35	46	600	1139	1709	400	1139	1709
22	126	360	560	126	360	560	450	675	1521	450	675	1521	200	1500	2400	200	1500	2400	63	31	34	63	37	48	650	1220	1830	650	1220	1830
23	132	372	578	132	372	578	480	702	1578	480	702	1578	215	1500	2400	215	1500	2400	63	31	34	63	37	48	700	1305	1958	700	1305	1958
24	138	384	595	138	384	595	495	729	1635	495	729	1635	230	1500	2400	230	1500	2400	64	33	37	64	40	52	750	1397	2096	750	1397	2096
25	144	396	613	144	396	613	510	756	1692	510	756	1692	245	1500	2400	245	1500	2400	64	34	39	64	41	55	800	1494	2241	800	1494	2241
26	150	408	630	150	408	630	540	783	1749	540	783	1749	260	1500	2400	310	1500	2400	65	34	39	65	41	55	850	1598	2397	850	1598	2397
27	156	420	648	156	420	648	570	810	1806	570	810	1806	275	1500	2400	325	1500	2400	65	37	42	65	44	59	900	1709	2564	900	1709	2564
28	162	432	666	162	432	666	585	837	1863	585	837	1863	290	1500	2400	340	1500	2400	66	38	42	66	46	59	950	1832	2748	950	1832	2748
29	168	444	683	168	444	683	600	864	1920	600	864	1920	305	1500	2400	355	1500	2400	66	39	44	66	47	62	1000	1958	2937	1000	1958	2937
30	174	456	701	174	456	701	615	891	1977	615	891	1977	320	1500	2400	370	1500	2400	67	40	47	67	48	66	1075	2097	3146	1075	2097	3146
31	180	468	718	180	468	718	630	918	2034	630	918	2034	340	1500	2400	390	1500	2400	67	42	47	67	50	66	1150	2241	3362	1150	2241	3362
32	186	480	736	186	480	736	645	945	2091	645	945	2091	360	1500	2400	410	1500	2400	68	44	50	68	53	70	1225	2399	3599	1225	2399	3599
33	192	492	754	192	492	754	660	972	2148	660	972	2148	380	1500	2400	430	1500	2400	69	44	50	69	53	70	1300	2568	3852	1300	2568	3852
34	198	504	771	198	504	771	690	999	2205	690	999	2205	400	1500	2400	400	1500	2400	69	46	51	69	55	71	1375	2745	4118	1375	2745	4118
35	204	516	789	204	516	789	705	1026	2262	705	1026	2262	425	1500	2400	425	1500	2400	71	47	53	71	56	74	1450	2939	4409	1450	2939	4409
36	210	528	806	210	528	806	720	1053	2319	720	1053	2319	450	1500	2400	450	1500	2400	71	47	53	71	56	74	1525	3144	4716	1525	3144	4716
37	216	540	824	216	540	824	735	1080	2376	735	1080	2376	475	1500	2400	475	1500	2400	75	50	57	75	60	80	1600	3365	5048	1600	3365	5048
38	222	552	842	222	552	842	750	1107	2433	750	1107	2433	500	1500	2400	500	1500	2400	77	51	57	77	61	80	1700	3600	5400	1700	3600	5400
39	228	564	859	228	564	859	780	1134	2490	780	1134	2490	525	1500	2400	525	1500	2400	78	52	59	78	62	83	1800	3852	5778	1800	3852	5778
40	234	576	877	234	576	877	810	1161	2547	810	1161	2547	550	1500	2400	550	1500	2400	80	53	60	80	64	84	1900	4121	6182	1900	4121	6182
41	240	588	894	240	588	894	840	1188	2604	840	1188	2604	575	1500	2400	575	1500	2400	83	55	60	83	66	84	2000	4409	6614	2000	4409	6614
42	246	600	912	246	600	912	870	1215	2661	870	1215	2661	600	1500	2400	600	1500	2400	86	57	64	86	68	90	2125	4718	7077	4718	4718	7077
43	252	612	930	252	612	930	900	1242	2718	900	1242	2718	625	1500	2400	1437	1500	2400	86	57	64	86	68	90	2250	5051	7577	5051	5051	7577
44	258	624	947	258	624	947	930	1269	2775	930	1269	2775	650	1500	2400	1495	1500	2400	89	59	66	89	71	92	2375	5402	8103	5402	5402	8103
45	264	636	965	264	636	965	960	1296	2832	960	1296	2832	675	1500	2400	1552	1500	2400	90	60	68	90	72	95	2500	5783	8675	5783	5783	8675
46	270	648	982	270	648	982	990	1323	2889	990	1323	2889	700	1500	2400	1610	1500	2400	90	60	68	90	72	95	2625	6186	9279	6186	6186	9279
47	276	660	1000	276	660	1000	1020	1350	2946	1020	1350	2946	725	1500	2400	1667	1500	2400	95	63	70	95	76	98	2750	6618	9927	6618	6618	9927
48	282	672	1018	282	672	1018	1050	1377	3003	1050	1377	3003	750	1500	2400	1725	1500	2400	96	64	70	96	77	98	2875	7506	10620	7506	7506	10620
49	288	684	1035	288	684	1035	1080	1404	3060	1080	1404	3060	775	1500	2400	1782	1500	2400	98	70	73	98	84	102	3000	7956	11259	7956	7956	11259
50	294	696	1053	294	696	1053	1110	1431	3117	1110	1431	3117	800	1350	2400	1840	1350	2400	99	72	76	99	86	106	3125	8435	11934	8435	8435	11934
51	300	708	1070	300	708	1070	1140	1458	3174	1140	1458	3174	850	1375	2400	1955	1375	2400	102	73	76	102	88	106	3250	8942	12653	8942	8942	12653
52	306	720	1088	306	720	1088	1170	1755	3231	1170	1755	3231	900	1400	2400	2070	1400	2400	105	73	78	105	88	109	3375	9477	13413	9477	9477	13413
53	312	732	1106	312	732	1106	1185	1782	3288	1185	1782	3288	950	1425	2400	2185	1425	2400	105	76	78	105	91	109	3500	10044	14216	10044	10044	14216
54	318	744	1123	318	744	1123	1200	1809	3345	1200	1809	3345	1000	1450	2400	2300	1450	2400	108	77	81	108	92	113	3625	10647	15066	10647	10647	15066
55	324	756	1141	324	756	1141	1215	1836	3402	1215	1836	3402	1050	1475	2400	2415	1475	2400	110	79	83	110	95	116	3750	11286	15971	3750	11286	15971
56	330	768	1158	330	768	1158	1230	1863	3459	1230	1863	3459	1110	1500	2400	2553	1500	2400	110	79	83	110	95	116	3875	11964	16929	3875	11964	16929
57	336	780	1176	336	780	1176	1245	1890	3516	1245	1890	3516	1150	1525	2400	2645	1525	2400	114	81	85	114	97	119	4000	12680	17946	4000	12680	17946
58	342	792	1194	342	792	1194	1260	1917	3573	1260	1917	3573	1200	1550	2400	2760	1550	2400	116	83	85	116	100	119	4150	13442	19020	4150	13442	19020
59	348	804	1211	348	804	1211	1275	1944	3630	1275	1944	3630	1250	1575	2400	2875	1575	2400	117	83	86	117	100	120	4300	14249	20163	4300	14249	20163
60	354	816	1229	354	816	1229	1290	1971	3687	1290	1971	3687	1300	1600	2400	2990	1600	2400	119	85	86	119	102	120	4500	15104	30810	4500	15104	30810
61	360	828	1246	360	828	1246	1305	1998	3744	1305	1998	3744	1350	1625	2400	3105	1625	2400	122	86	90	122	103	126	3877	16010	32169	3877	16010	32169
62	366	840	1264	366	840	1264	1320	2025	3801	1320	2025	3801	1400	1650	2400	3220	1650	2400	125	86	92	125	103	129	3981	16916	33528	3981	16916	33528
63	372	852	1282	372	852	1282	1140	2052	3858	1140	2052	3858	1400	1675	2400	1400	1675	2400	125	89	92	125	107	129	4085	17822	34887	4085	17822	34887
64	378	864	1299	378	864	1299	1155	2079	3915	1155	2079	3915	1400	1700	2400	1400	1700	2400	128	90	96	128	108	134	4189	18728	36246	4189	18728	36246
65	384	876	1317	384	876	1317	1178	2106	3972	1178	2106	3972	1400	1725	2400	1400	1725	2400	129	91	98	129	109	137	4293	19634	37605	4293	19634	37605
66	390	888	1334	390	888	1334	1200	2133	4029	1200	2133	4029	1400	1750	2400	1400	1750	2400	129	92	98	129	110	137	4397	20540	38964	4397	20540	38964
67	396	900	1352	396	900	1352	1215	2160	4086	1215	2160	4086	1400	1775	2400	1400	1775	2400	134	94	99	134	113	139	4501	21446	40323	4501	21446	40323
68	402	912	1370	402	912	1370	1230	2187	4143	1230	2187	4143	1400	1800	2400	1400	1800	2400	135	96	102	135	115	143	4605	22352	41682	4605	22352	41682
69	408	924	1387	408	924	1387	1245	2214	4200	1245	2214	4200	1400	1825	2400	1400	1825	2400	137	96	103	137	115	144	4709	23258	43041	4709	23258	43041
70	414	936	1405	414	936	1405	1260	2241	4542	1260	2241	4542	1400	1850	2600	1400	1850	2600	138	98	104	138	118	146	4813	24164	44400	4813	24164	44400
71	420	948	1422	420	948	1422	1275	2268	4599	1275	2268	4599	1400	1925	2625	1400	1925	2625	141	99	105	141	119	147	4917	25070	45759	4917	25070	45759
72	426	960	1440	426	960	1440	1290	2295	4656	1290	2295	4656	1400	1950	2650	1400	1950	2650	144	99	107	144	119	150	5021	25976	47118	5021	25976	47118
73	432	972	1458	432	972	1458	1305	2322	4713	1305	2322	4713	1400	1975	2675	1400	1975	2675	144	102	109	144	122	153	5125	26882	48477	5125	26882	48477
74	438	984	1475	438	984	1475	1335	2349	4770	1335	2349	4770	1400	2000	2700	1400	2000	2700	147	103	109	147	124	153	5229	27788	49836	5229	27788	49836
75	444	996	1493	444	996	1493	1350	2376	4827	1350	2376	4827	1400	2025	2725	1400	2025	2725	149	104	111	149	125	155	5333	28694	51195	5333	28694	51195
76	450	1008	1510	450	1008	1510	1365	2403	4884	1365	2403	4884	1400	2050	2750	1400	2050	2750	149	105	112	149	126	157	5437	29600	52554	5437	29600	52554
77	456	1020	1528	456	1020	1528	1380	2430	4941	1380	2430	4941	1400	2075	2775	1400	2075	2775	153	107	112	153	128	157	5541	30506	53913	5541	30506	53913
78	462	1032	1546	462	1032	1546	1395	2457	4998	1395	2457	4998	1400	2100	2800	1400	2100	2800	155	109	115	155	131	161	5645	31412	55272	5645	31412	55272
79	468	1044	1563	468	1044	1563	1410	2484	5055	1410	2484	5055	1400	2150	2850	1400	2150	2850	156	109	116	156	131	162	5749	32318	56631	5749	32318	56631
80	474	1056	1581	474	1056	1581	1425	2511	5112	1425	2511	5112	1400	2200	2900	1400	2200	2900	158	111	117	158	133	164	5853	33224	57990	5853	33224	57990
81	480	1068	1598	480	1068	1598	1440	2538	5169	1440	2538	5169	1400	2250	2925	1400	2250	2925	161	112	118	161	134	165	5957	34130	59349	5957	34130	59349
82	486	1080	1616	486	1080	1616	1455	2565	5226	1455	2565	5226	1400	2300	2950	1400	2300	2950	164	112	120	164	134	168	6061	35036	60708	6061	35036	60708
83	492	1092	1634	492	1092	1634	1470	2592	5283	1470	2592	5283	1400	2350	3000	1400	2350	3000	164	115	122	164	138	171	6165	35942	62067	6165	35942	62067
84	498	1104	1651	498	1104	1651	1487	2619	5340	1487	2619	5340	1400	2400	3050	1400	2400	3050	167	116	122	167	139	171	6269	36848	63426	6269	36848	63426
85	504	1116	1669	504	1116	1669	1503	2646	5397	1503	2646	5397	1400	2450	3100	1400	2450	3100	168	117	124	168	140	174	6373	37754	64785	6373	37754	64785
86	510	1128	1686	510	1128	1686	1520	2673	5454	1520	2673	5454	1400	2500	3150	1400	2500	3150	168	118	125	168	142	175	6477	38660	66144	6477	38660	66144
87	516	1140	1704	516	1140	1704	1536	2700	5511	1536	2700	5511	1400	2300	3200	1400	2300	3200	173	120	125	173	144	175	6581	39566	67503	6581	39566	67503
88	522	1152	1722	522	1152	1722	1553	2727	5568	1553	2727	5568	1400	2300	3250	1400	2300	3250	174	122	128	174	146	179	6685	40472	68862	6685	40472	68862
89	528	1164	1739	528	1164	1739	1569	2754	5625	1569	2754	5625	1400	2300	3300	1400	2300	3300	176	122	129	176	146	181	6789	41378	70221	6789	41378	70221
90	534	1176	1757	534	1176	1757	1586	2781	5682	1586	2781	5682	1400	2300	3350	1400	2300	3350	177	124	130	177	149	182	6893	42284	71580	6893	42284	71580
91	540	1188	1774	540	1188	1774	1602	2808	5739	1602	2808	5739	1400	2300	3400	1400	2300	3400	180	125	131	180	150	183	6997	43190	72939	6997	43190	72939
92	546	1200	1792	546	1200	1792	1619	2835	5796	1619	2835	5796	1400	2300	3450	1400	2300	3450	183	125	133	183	150	186	7101	44096	74298	7101	44096	74298
93	552	1212	1810	552	1212	1810	1635	2862	5853	1635	2862	5853	1400	2300	3500	1400	2300	3500	183	128	135	183	154	189	7205	45002	75657	7205	45002	75657
94	558	1224	1827	558	1224	1827	1652	2889	5910	1652	2889	5910	1400	2300	3550	1400	2300	3550	186	129	135	186	155	189	7309	45908	77016	7309	45908	77016
95	564	1236	1845	564	1236	1845	1668	2916	5967	1668	2916	5967	1400	2300	3600	1400	2300	3600	188	130	137	188	156	192	7413	46814	78375	7413	46814	78375
96	570	1248	1862	570	1248	1862	1685	2943	6024	1685	2943	6024	1400	2300	3650	1400	2300	3650	188	131	138	188	157	193	7517	47720	79734	7517	47720	79734
97	576	1260	1880	576	1260	1880	1701	2970	6081	1701	2970	6081	1400	2300	3700	1400	2300	3700	192	133	143	192	160	200	7621	48626	81093	7621	48626	81093
98	582	1272	1898	582	1272	1898	1718	2997	6138	1718	2997	6138	1400	2300	3750	1400	2300	3750	194	135	148	194	162	207	7725	49532	82452	7725	49532	82452
99	588	1284	1915	588	1284	1915	1734	3024	6195	1734	3024	6195	1400	2300	3800	1400	2300	3800	195	135	146	195	162	204	7829	50438	83811	7829	50438	83811
100	594	1296	1933	594	1296	1933	1751	3051	6252	1751	3051	6252	1400	2300	3800	1400	2300	3800	197	137	148	197	164	207	7933	51344	90000	7933	51344	90000
101	600	1308	1950	600	1308	1950	1767	3078	6309	1767	3078	6309	1400	2300	4250	1400	2300	4250	200	138	150	200	166	210	8037	52250	95000	8037	52250	95000
102	606	1320	1968	606	1320	1968	1785	2970	6366	1785	2970	6366	1400	2300	4250	1400	2300	4250	203	138	150	203	166	210	8141	53156	105000	8141	53156	105000
103	612	1332	1986	612	1332	1986	1800	2997	6423	1800	2997	6423	1400	2300	4250	1400	2300	4250	203	141	151	203	169	211	8245	54062	105000	8245	54062	105000
104	618	1344	2003	618	1344	2003	1875	3024	6480	1875	3024	6480	1400	2300	4250	1400	2300	4250	206	142	155	206	170	217	8349	54968	105000	8349	54968	105000
105	624	1356	2021	624	1356	2021	1950	3051	6252	1950	3051	6252	1400	2300	4250	1400	2300	4250	207	143	157	207	172	220	8453	55874	105000	8453	55874	105000
106	630	1368	2038	630	1368	2038	2100	3078	6309	2100	3078	6309	1400	2300	4250	1400	2300	4250	207	144	161	207	173	225	8453	55874	105000	8453	55874	105000
107	636	1380	2056	636	1380	2056	2250	2970	6366	2250	2970	6366	1400	2300	4250	1400	2300	4250	212	146	157	212	175	220	8453	55874	105000	8453	55874	105000
108	642	1392	2074	642	1392	2074	2400	2997	6423	2400	2997	6423	1400	2300	4250	1400	2300	4250	213	148	161	213	178	225	8453	55874	105000	8453	55874	105000
109	648	1404	2074	654	1404	2074	2550	3024	6480	2550	3024	6480	1400	2300	4250	1400	2300	4250	215	148	161	215	178	225	8453	55874	105000	8453	55874	105000
110	654	2100	2100	660	1416	2022	1	9798	9798	1	9798	9798	1400	2300	10000	1400	2300	10000	236	161	163	1	193	228	160000	160000	160000	160000	160000	160000
111	666	1428	2039	666	1428	2039	1000	1000	1000	1000	1000	1000	8661	57686	86529	8661	57686	86529	67	89	124	67	89	124	8453	55874	83811	8453	55874	83811
112	672	1440	2057	672	1440	2057	1000	1000	1000	1000	1000	1000	8765	58592	87888	8765	58592	87888	66	87	121	66	87	121	8557	56780	85170	8557	56780	85170
113	678	1452	2075	678	1452	2075	1000	1000	1000	1000	1000	1000	8869	59498	89247	8869	59498	89247	66	87	121	66	87	121	8661	57686	86529	8661	57686	86529
114	684	1464	2023	684	1464	2023	1000	1000	1000	1000	1000	1000	8973	60404	90606	8973	60404	90606	67	89	123	67	89	123	8765	58592	87888	8765	58592	87888
115	690	1476	2040	690	1476	2040	1000	1000	1000	1000	1000	1000	9077	61310	91965	9077	61310	91965	68	90	125	68	90	125	8869	59498	89247	8869	59498	89247
116	696	1488	2058	696	1488	2058	1000	1000	1000	1000	1000	1000	9181	62216	93324	9181	62216	93324	67	88	122	67	88	122	8973	60404	90606	8973	60404	90606
117	702	1500	2076	702	1500	2076	1000	1000	1000	1000	1000	1000	9285	63122	94683	9285	63122	94683	67	88	122	67	88	122	9077	61310	91965	9077	61310	91965
118	708	1512	2024	708	1512	2024	1000	1000	1000	1000	1000	1000	9389	64028	96042	9389	64028	96042	68	90	124	68	90	124	9181	62216	93324	9181	62216	93324
119	714	1524	2041	714	1524	2041	1000	1000	1000	1000	1000	1000	9493	64934	97401	9493	64934	97401	69	91	126	69	91	126	9285	63122	94683	9285	63122	94683
120	720	1536	2059	720	1536	2059	1000	1000	1000	1000	1000	1000	9597	65840	98760	9597	65840	98760	68	89	123	68	89	123	9389	64028	96042	9389	64028	96042
121	726	1548	2077	726	1548	2077	1000	1000	1000	1000	1000	1000	9701	66746	100119	9701	66746	100119	68	89	123	68	89	123	9493	64934	97401	9493	64934	97401
122	732	1560	2025	732	1560	2025	1000	1000	1000	1000	1000	1000	9805	67652	101478	9805	67652	101478	69	91	125	69	91	125	9597	65840	98760	9597	65840	98760
123	738	1572	2042	738	1572	2042	1000	1000	1000	1000	1000	1000	9909	68558	102837	9909	68558	102837	70	92	127	70	92	127	9701	66746	100119	9701	66746	100119
124	744	1584	2060	744	1584	2060	1000	1000	1000	1000	1000	1000	10013	69464	104196	10013	69464	104196	69	90	124	69	90	124	9805	67652	101478	9805	67652	101478
125	750	1596	2078	750	1596	2078	1000	1000	1000	1000	1000	1000	10117	70370	105555	10117	70370	105555	69	90	124	69	90	124	9909	68558	102837	9909	68558	102837
126	756	1608	2026	756	1608	2026	1000	1000	1000	1000	1000	1000	10221	71276	106914	10221	71276	106914	70	92	126	70	92	126	10013	69464	104196	10013	69464	104196
127	762	1620	2043	762	1620	2043	1000	1000	1000	1000	1000	1000	10325	72182	108273	10325	72182	108273	71	93	128	71	93	128	10117	70370	105555	10117	70370	105555
128	768	1632	2061	768	1632	2061	1000	1000	1000	1000	1000	1000	10429	73088	109632	10429	73088	109632	70	91	125	70	91	125	10221	71276	106914	10221	71276	106914
129	774	1644	2079	774	1644	2079	1000	1000	1000	1000	1000	1000	10533	73994	110991	10533	73994	110991	70	91	125	70	91	125	10325	72182	108273	10325	72182	108273
130	780	1656	2027	780	1656	2027	1000	1000	1000	1000	1000	1000	10637	74900	112350	10637	74900	112350	71	93	127	71	93	127	10429	73088	109632	10429	73088	109632
131	786	1668	2044	786	1668	2044	1000	1000	1000	1000	1000	1000	10741	75806	113709	10741	75806	113709	72	94	129	72	94	129	10533	73994	110991	10533	73994	110991
132	792	1680	2062	792	1680	2062	1000	1000	1000	1000	1000	1000	10845	76712	115068	10845	76712	115068	71	92	126	71	92	126	10637	74900	112350	10637	74900	112350
133	798	1692	2080	798	1692	2080	1000	1000	1000	1000	1000	1000	10949	77618	116427	10949	77618	116427	71	92	126	71	92	126	10741	75806	113709	10741	75806	113709
134	804	1704	2028	804	1704	2028	1000	1000	1000	1000	1000	1000	11053	78524	117786	11053	78524	117786	72	94	128	72	94	128	10845	76712	115068	10845	76712	115068
135	810	1716	2045	810	1716	2045	1000	1000	1000	1000	1000	1000	11157	79430	119145	11157	79430	119145	73	95	130	73	95	130	10949	77618	116427	10949	77618	116427
136	816	1728	2063	816	1728	2063	1000	1000	1000	1000	1000	1000	11261	80336	120504	11261	80336	120504	72	93	127	72	93	127	11053	78524	117786	11053	78524	117786
137	822	1740	2081	822	1740	2081	1000	1000	1000	1000	1000	1000	11365	81242	121863	11365	81242	121863	72	93	127	72	93	127	11157	79430	119145	11157	79430	119145
138	828	1752	2029	828	1752	2029	1000	1000	1000	1000	1000	1000	11469	82148	123222	11469	82148	123222	73	95	129	73	95	129	11261	80336	120504	11261	80336	120504
139	834	1764	2046	834	1764	2046	1000	1000	1000	1000	1000	1000	11573	83054	124581	11573	83054	124581	74	96	131	74	96	131	11365	81242	121863	11365	81242	121863
140	840	1776	2064	840	1776	2064	1000	1000	1000	1000	1000	1000	11677	83960	125940	11677	83960	125940	73	94	128	73	94	128	11469	82148	123222	11469	82148	123222
141	846	1788	2082	846	1788	2082	1000	1000	1000	1000	1000	1000	11781	84866	127299	11781	84866	127299	73	94	128	73	94	128	11573	83054	124581	11573	83054	124581
142	852	1800	2030	852	1800	2030	1000	1000	1000	1000	1000	1000	11885	85772	128658	11885	85772	128658	74	96	130	74	96	130	11677	83960	125940	11677	83960	125940
143	858	1812	2047	858	1812	2047	1000	1000	1000	1000	1000	1000	11989	86678	130017	11989	86678	130017	75	97	132	75	97	132	11781	84866	127299	11781	84866	127299
144	864	1824	2065	864	1824	2065	1000	1000	1000	1000	1000	1000	12093	87584	131376	12093	87584	131376	74	95	129	74	95	129	11885	85772	128658	11885	85772	128658
145	870	1836	2083	870	1836	2083	1000	1000	1000	1000	1000	1000	12197	88490	132735	12197	88490	132735	74	95	129	74	95	129	11989	86678	130017	11989	86678	130017
146	876	1848	2031	876	1848	2031	1000	1000	1000	1000	1000	1000	12301	89396	134094	12301	89396	134094	75	97	131	75	97	131	12093	87584	131376	12093	87584	131376
147	882	1860	2048	882	1860	2048	1000	1000	1000	1000	1000	1000	12405	90302	135453	12405	90302	135453	76	98	133	76	98	133	12197	88490	132735	12197	88490	132735
148	888	1872	2066	888	1872	2066	1000	1000	1000	1000	1000	1000	12509	91208	136812	12509	91208	136812	75	96	130	75	96	130	12301	89396	134094	12301	89396	134094
149	894	1884	2084	894	1884	2084	1000	1000	1000	1000	1000	1000	12613	92114	138171	12613	92114	138171	75	96	130	75	96	130	12405	90302	135453	12405	90302	135453
150	900	1896	2032	900	1896	2032	1000	1000	1000	1000	1000	1000	12717	93020	139530	12717	93020	139530	76	98	132	76	98	132	12509	91208	136812	12509	91208	136812
151	906	1908	2049	906	1908	2049	1000	1000	1000	1000	1000	1000	12821	93926	140889	12821	93926	140889	77	99	134	77	99	134	12613	92114	138171	12613	92114	138171
152	912	1920	2067	912	1920	2067	1000	1000	1000	1000	1000	1000	12925	94832	142248	12925	94832	142248	76	97	131	76	97	131	12717	93020	139530	12717	93020	139530
153	918	1932	2085	918	1932	2085	1000	1000	1000	1000	1000	1000	13029	95738	143607	13029	95738	143607	76	97	131	76	97	131	12821	93926	140889	12821	93926	140889
154	924	1944	2033	924	1944	2033	1000	1000	1000	1000	1000	1000	13133	96644	144966	13133	96644	144966	77	99	133	77	99	133	12925	94832	142248	12925	94832	142248
155	930	1956	2050	930	1956	2050	1000	1000	1000	1000	1000	1000	13237	97550	146325	13237	97550	146325	78	100	135	78	100	135	13029	95738	143607	13029	95738	143607
156	936	1968	2068	936	1968	2068	1000	1000	1000	1000	1000	1000	13341	98456	147684	13341	98456	147684	77	98	132	77	98	132	13133	96644	144966	13133	96644	144966
157	942	1980	2086	942	1980	2086	1000	1000	1000	1000	1000	1000	13445	99362	149043	13445	99362	149043	77	98	132	77	98	132	13237	97550	146325	13237	97550	146325
158	948	1992	2034	948	1992	2034	1000	1000	1000	1000	1000	1000	13549	100268	150402	13549	100268	150402	78	100	134	78	100	134	13341	98456	147684	13341	98456	147684
159	954	2004	2051	954	2004	2051	1000	1000	1000	1000	1000	1000	13653	101174	151761	13653	101174	151761	79	101	136	79	101	136	13445	99362	149043	13445	99362	149043
160	960	2016	2069	960	2016	2069	1000	1000	1000	1000	1000	1000	13757	102080	153120	13757	102080	153120	78	99	133	78	99	133	13549	100268	150402	13549	100268	150402
161	966	2028	2087	966	2028	2087	1000	1000	1000	1000	1000	1000	13861	102986	154479	13861	102986	154479	78	99	133	78	99	133	13653	101174	151761	13653	101174	151761
162	972	2040	2035	972	2040	2035	1000	1000	1000	1000	1000	1000	13965	103892	155838	13965	103892	155838	79	101	135	79	101	135	13757	102080	153120	13757	102080	153120
163	978	2052	2052	978	2052	2052	1000	1000	1000	1000	1000	1000	14069	104798	157197	14069	104798	157197	80	102	137	80	102	137	13861	102986	154479	13861	102986	154479
164	984	2064	2070	984	2064	2070	1000	1000	1000	1000	1000	1000	14173	105704	158556	14173	105704	158556	79	100	134	79	100	134	13965	103892	155838	13965	103892	155838
165	990	2076	2088	990	2076	2088	1000	1000	1000	1000	1000	1000	14277	106610	159915	14277	106610	159915	79	100	134	79	100	134	14069	104798	157197	14069	104798	157197
166	996	2088	2036	996	2088	2036	1000	1000	1000	1000	1000	1000	14381	107516	161274	14381	107516	161274	80	102	136	80	102	136	14173	105704	158556	14173	105704	158556
167	1002	2100	2053	1002	2100	2053	1000	1000	1000	1000	1000	1000	14485	108422	162633	14485	108422	162633	81	103	138	81	103	138	14277	106610	159915	14277	106610	159915
168	1008	2112	2071	1008	2112	2071	1000	1000	1000	1000	1000	1000	14589	109328	163992	14589	109328	163992	80	101	135	80	101	135	14381	107516	161274	14381	107516	161274
169	1014	2124	2089	1014	2124	2089	1000	1000	1000	1000	1000	1000	14693	110234	165351	14693	110234	165351	80	101	135	80	101	135	14485	108422	162633	14485	108422	162633
170	1020	2136	2037	1020	2136	2037	1000	1000	1000	1000	1000	1000	14797	111140	166710	14797	111140	166710	81	103	137	81	103	137	14589	109328	163992	14589	109328	163992
171	1026	2148	2054	1026	2148	2054	1000	1000	1000	1000	1000	1000	14901	112046	168069	14901	112046	168069	82	104	139	82	104	139	14693	110234	165351	14693	110234	165351
172	1032	2160	2072	1032	2160	2072	1000	1000	1000	1000	1000	1000	15005	112952	169428	15005	112952	169428	81	102	136	81	102	136	14797	111140	166710	14797	111140	166710
173	1038	2172	2090	1038	2172	2090	1000	1000	1000	1000	1000	1000	15109	113858	170787	15109	113858	170787	81	102	136	81	102	136	14901	112046	168069	14901	112046	168069
174	1044	2184	2038	1044	2184	2038	1000	1000	1000	1000	1000	1000	15213	114764	172146	15213	114764	172146	82	104	138	82	104	138	15005	112952	169428	15005	112952	169428
175	1050	2196	2055	1050	2196	2055	1000	1000	1000	1000	1000	1000	15317	115670	173505	15317	115670	173505	83	105	140	83	105	140	15109	113858	170787	15109	113858	170787
176	1056	2208	2073	1056	2208	2073	1000	1000	1000	1000	1000	1000	15421	116576	174864	15421	116576	174864	82	103	137	82	103	137	15213	114764	172146	15213	114764	172146
177	1062	2220	2091	1062	2220	2091	1000	1000	1000	1000	1000	1000	15525	117482	176223	15525	117482	176223	82	103	137	82	103	137	15317	115670	173505	15317	115670	173505
178	1068	2232	2039	1068	2232	2039	1000	1000	1000	1000	1000	1000	15629	118388	177582	15629	118388	177582	83	105	139	83	105	139	15421	116576	174864	15421	116576	174864
179	1074	2244	2056	1074	2244	2056	1000	1000	1000	1000	1000	1000	15733	119294	178941	15733	119294	178941	84	106	141	84	106	141	15525	117482	176223	15525	117482	176223
180	1080	2256	2074	1080	2256	2074	1000	1000	1000	1000	1000	1000	15837	120200	180300	15837	120200	180300	83	104	138	83	104	138	15629	118388	177582	15629	118388	177582
181	1086	2268	2092	1086	2268	2092	1000	1000	1000	1000	1000	1000	15941	121106	181659	15941	121106	181659	83	104	138	83	104	138	15733	119294	178941	15733	119294	178941
182	1092	2280	2040	1092	2280	2040	1000	1000	1000	1000	1000	1000	16045	122012	183018	16045	122012	183018	84	106	140	84	106	140	15837	120200	180300	15837	120200	180300
183	1098	2292	2057	1098	2292	2057	1000	1000	1000	1000	1000	1000	16149	122918	184377	16149	122918	184377	85	107	142	85	107	142	15941	121106	181659	15941	121106	181659
184	1104	2304	2075	1104	2304	2075	1000	1000	1000	1000	1000	1000	16253	123824	185736	16253	123824	185736	84	105	139	84	105	139	16045	122012	183018	16045	122012	183018
185	1110	2316	2093	1110	2316	2093	1000	1000	1000	1000	1000	1000	16357	124730	187095	16357	124730	187095	84	105	139	84	105	139	16149	122918	184377	16149	122918	184377
186	1116	2328	2041	1116	2328	2041	1000	1000	1000	1000	1000	1000	16461	125636	188454	16461	125636	188454	85	107	141	85	107	141	16253	123824	185736	16253	123824	185736
187	1122	2340	2058	1122	2340	2058	1000	1000	1000	1000	1000	1000	16565	126542	189813	16565	126542	189813	86	108	143	86	108	143	16357	124730	187095	16357	124730	187095
188	1128	2352	2076	1128	2352	2076	1000	1000	1000	1000	1000	1000	16669	127448	191172	16669	127448	191172	85	106	140	85	106	140	16461	125636	188454	16461	125636	188454
189	1134	2364	2094	1134	2364	2094	1000	1000	1000	1000	1000	1000	16773	128354	192531	16773	128354	192531	85	106	140	85	106	140	16565	126542	189813	16565	126542	189813
190	1140	2376	2042	1140	2376	2042	1000	1000	1000	1000	1000	1000	16877	129260	193890	16877	129260	193890	86	108	142	86	108	142	16669	127448	191172	16669	127448	191172
191	1146	2388	2059	1146	2388	2059	1000	1000	1000	1000	1000	1000	16981	130166	195249	16981	130166	195249	87	109	144	87	109	144	16773	128354	192531	16773	128354	192531
192	1152	2400	2077	1152	2400	2077	1000	1000	1000	1000	1000	1000	17085	131072	196608	17085	131072	196608	86	107	141	86	107	141	16877	129260	193890	16877	129260	193890
193	1158	2412	2095	1158	2412	2095	1000	1000	1000	1000	1000	1000	17189	131978	197967	17189	131978	197967	86	107	141	86	107	141	16981	130166	195249	16981	130166	195249
194	1164	2424	2043	1164	2424	2043	1000	1000	1000	1000	1000	1000	17293	132884	199326	17293	132884	199326	87	109	143	87	109	143	17085	131072	196608	17085	131072	196608
195	1170	2436	2060	1170	2436	2060	1000	1000	1000	1000	1000	1000	17397	133790	200685	17397	133790	200685	88	110	145	88	110	145	17189	131978	197967	17189	131978	197967
196	1176	2448	2078	1176	2448	2078	1000	1000	1000	1000	1000	1000	17501	134696	202044	17501	134696	202044	87	108	142	87	108	142	17293	132884	199326	17293	132884	199326
197	1182	2460	2096	1182	2460	2096	1000	1000	1000	1000	1000	1000	17605	135602	203403	17605	135602	203403	87	108	142	87	108	142	17397	133790	200685	17397	133790	200685
198	1188	2472	2044	1188	2472	2044	1000	1000	1000	1000	1000	1000	17709	136508	204762	17709	136508	204762	88	110	144	88	110	144	17501	134696	202044	17501	134696	202044
199	1194	2484	2061	1194	2484	2061	1000	1000	1000	1000	1000	1000	17813	137414	206121	17813	137414	206121	89	111	146	89	111	146	17605	135602	203403	17605	135602	203403
200	1200	2496	2079	1200	2496	2079	1000	1000	1000	1000	1000	1000	17917	138320	207480	17917	138320	207480	88	109	143	88	109	143	17709	136508	204762	17709	136508	204762
201	1206	2508	2097	1206	2508	2097	1000	1000	1000	1000	1000	1000	18021	139226	208839	18021	139226	208839	88	109	143	88	109	143	17813	137414	206121	17813	137414	206121
202	1212	2520	2045	1212	2520	2045	1000	1000	1000	1000	1000	1000	18125	140132	210198	18125	140132	210198	89	111	145	89	111	145	17917	138320	207480	17917	138320	207480
203	1218	2532	2062	1218	2532	2062	1000	1000	1000	1000	1000	1000	18229	141038	211557	18229	141038	211557	90	112	147	90	112	147	18021	139226	208839	18021	139226	208839
204	1224	2544	2080	1224	2544	2080	1000	1000	1000	1000	1000	1000	18333	141944	212916	18333	141944	212916	89	110	144	89	110	144	18125	140132	210198	18125	140132	210198
205	1230	2556	2098	1230	2556	2098	1000	1000	1000	1000	1000	1000	18437	142850	214275	18437	142850	214275	89	110	144	89	110	144	18229	141038	211557	18229	141038	211557
206	1236	2568	2046	1236	2568	2046	1000	1000	1000	1000	1000	1000	18541	143756	215634	18541	143756	215634	90	112	146	90	112	146	18333	141944	212916	18333	141944	212916
207	1242	2580	2063	1242	2580	2063	1000	1000	1000	1000	1000	1000	18645	144662	216993	18645	144662	216993	91	113	148	91	113	148	18437	142850	214275	18437	142850	214275
208	1248	2592	2081	1248	2592	2081	1000	1000	1000	1000	1000	1000	18749	145568	218352	18749	145568	218352	90	111	145	90	111	145	18541	143756	215634	18541	143756	215634
209	1254	2604	2099	1254	2604	2099	1000	1000	1000	1000	1000	1000	18853	146474	219711	18853	146474	219711	90	111	145	90	111	145	18645	144662	216993	18645	144662	216993
210	1260	2616	2047	1260	2616	2047	1000	1000	1000	1000	1000	1000	18957	147380	221070	18957	147380	221070	91	113	147	91	113	147	18749	145568	218352	18749	145568	218352
211	1266	2628	2064	1266	2628	2064	1000	1000	1000	1000	1000	1000	19061	148286	222429	19061	148286	222429	92	114	149	92	114	149	18853	146474	219711	18853	146474	219711
212	1272	2640	2082	1272	2640	2082	1000	1000	1000	1000	1000	1000	19165	149192	223788	19165	149192	223788	91	112	146	91	112	146	18957	147380	221070	18957	147380	221070
213	1278	2652	2100	1278	2652	2100	1000	1000	1000	1000	1000	1000	19269	150098	225147	19269	150098	225147	91	112	146	91	112	146	19061	148286	222429	19061	148286	222429
214	1284	2664	2048	1284	2664	2048	1000	1000	1000	1000	1000	1000	19373	151004	226506	19373	151004	226506	92	114	148	92	114	148	19165	149192	223788	19165	149192	223788
215	1290	2676	2065	1290	2676	2065	1000	1000	1000	1000	1000	1000	19477	151910	227865	19477	151910	227865	93	115	150	93	115	150	19269	150098	225147	19269	150098	225147
216	1296	2688	2083	1296	2688	2083	1000	1000	1000	1000	1000	1000	19581	152816	229224	19581	152816	229224	92	113	147	92	113	147	19373	151004	226506	19373	151004	226506
217	1302	2700	2101	1302	2700	2101	1000	1000	1000	1000	1000	1000	19685	153722	230583	19685	153722	230583	92	113	147	92	113	147	19477	151910	227865	19477	151910	227865
218	1308	2712	2049	1308	2712	2049	1000	1000	1000	1000	1000	1000	19789	154628	231942	19789	154628	231942	93	115	149	93	115	149	19581	152816	229224	19581	152816	229224
219	1314	2724	2066	1314	2724	2066	1000	1000	1000	1000	1000	1000	19893	155534	233301	19893	155534	233301	94	116	151	94	116	151	19685	153722	230583	19685	153722	230583
220	1320	2736	2084	1320	2736	2084	1000	1000	1000	1000	1000	1000	19997	156440	234660	19997	156440	234660	93	114	148	93	114	148	19789	154628	231942	19789	154628	231942
221	1326	2748	2102	1326	2748	2102	1000	1000	1000	1000	1000	1000	20101	157346	236019	20101	157346	236019	93	114	148	93	114	148	19893	155534	233301	19893	155534	233301
222	1332	2760	2050	1332	2760	2050	1000	1000	1000	1000	1000	1000	20205	158252	237378	20205	158252	237378	94	116	150	94	116	150	19997	156440	234660	19997	156440	234660
223	1338	2772	2067	1338	2772	2067	1000	1000	1000	1000	1000	1000	20309	159158	238737	20309	159158	238737	95	117	152	95	117	152	20101	157346	236019	20101	157346	236019
224	1344	2784	2085	1344	2784	2085	1000	1000	1000	1000	1000	1000	20413	160064	240096	20413	160064	240096	94	115	149	94	115	149	20205	158252	237378	20205	158252	237378
225	1350	2796	2103	1350	2796	2103	1000	1000	1000	1000	1000	1000	20517	160970	241455	20517	160970	241455	94	115	149	94	115	149	20309	159158	238737	20309	159158	238737
226	1356	2808	2051	1356	2808	2051	1000	1000	1000	1000	1000	1000	20621	161876	242814	20621	161876	242814	95	117	151	95	117	151	20413	160064	240096	20413	160064	240096
227	1362	2820	2068	1362	2820	2068	1000	1000	1000	1000	1000	1000	20725	162782	244173	20725	162782	244173	96	118	153	96	118	153	20517	160970	241455	20517	160970	241455
228	1368	2832	2086	1368	2832	2086	1000	1000	1000	1000	1000	1000	20829	163688	245532	20829	163688	245532	95	116	150	95	116	150	20621	161876	242814	20621	161876	242814
229	1374	2844	2104	1374	2844	2104	1000	1000	1000	1000	1000	1000	20933	164594	246891	20933	164594	246891	95	116	150	95	116	150	20725	162782	244173	20725	162782	244173
230	1380	2856	2052	1380	2856	2052	1000	1000	1000	1000	1000	1000	21037	165500	248250	21037	165500	248250	96	118	152	96	118	152	20829	163688	245532	20829	163688	245532
231	1386	2868	2069	1386	2868	2069	1000	1000	1000	1000	1000	1000	21141	166406	249609	21141	166406	249609	97	119	154	97	119	154	20933	164594	246891	20933	164594	246891
232	1392	2880	2087	1392	2880	2087	1000	1000	1000	1000	1000	1000	21245	167312	250968	21245	167312	250968	96	117	151	96	117	151	21037	165500	248250	21037	165500	248250
233	1398	2892	2105	1398	2892	2105	1000	1000	1000	1000	1000	1000	21349	168218	252327	21349	168218	252327	96	117	151	96	117	151	21141	166406	249609	21141	166406	249609
234	1404	2904	2053	1404	2904	2053	1000	1000	1000	1000	1000	1000	21453	169124	253686	21453	169124	253686	97	119	153	97	119	153	21245	167312	250968	21245	167312	250968
235	1410	2916	2070	1410	2916	2070	1000	1000	1000	1000	1000	1000	21557	170030	255045	21557	170030	255045	98	120	155	98	120	155	21349	168218	252327	21349	168218	252327
236	1416	2928	2088	1416	2928	2088	1000	1000	1000	1000	1000	1000	21661	170936	256404	21661	170936	256404	97	118	152	97	118	152	21453	169124	253686	21453	169124	253686
237	1422	2940	2106	1422	2940	2106	1000	1000	1000	1000	1000	1000	21765	171842	257763	21765	171842	257763	97	118	152	97	118	152	21557	170030	255045	21557	170030	255045
238	1428	2952	2054	1428	2952	2054	1000	1000	1000	1000	1000	1000	21869	172748	259122	21869	172748	259122	98	120	154	98	120	154	21661	170936	256404	21661	170936	256404
239	1434	2964	2071	1434	2964	2071	1000	1000	1000	1000	1000	1000	21973	173654	260481	21973	173654	260481	99	121	156	99	121	156	21765	171842	257763	21765	171842	257763
240	1440	2976	2089	1440	2976	2089	1000	1000	1000	1000	1000	1000	22077	174560	261840	22077	174560	261840	98	119	153	98	119	153	21869	172748	259122	21869	172748	259122
241	1446	2988	2107	1446	2988	2107	1000	1000	1000	1000	1000	1000	22181	175466	263199	22181	175466	263199	98	119	153	98	119	153	21973	173654	260481	21973	173654	260481
242	1452	3000	2055	1452	3000	2055	1000	1000	1000	1000	1000	1000	22285	176372	264558	22285	176372	264558	99	121	155	99	121	155	22077	174560	261840	22077	174560	261840
243	1458	3012	2072	1458	3012	2072	1000	1000	1000	1000	1000	1000	22389	177278	265917	22389	177278	265917	100	122	157	100	122	157	22181	175466	263199	22181	175466	263199
244	1464	3024	2090	1464	3024	2090	1000	1000	1000	1000	1000	1000	22493	178184	267276	22493	178184	267276	99	120	154	99	120	154	22285	176372	264558	22285	176372	264558
245	1470	3036	2108	1470	3036	2108	1000	1000	1000	1000	1000	1000	22597	179090	268635	22597	179090	268635	99	120	154	99	120	154	22389	177278	265917	22389	177278	265917
246	1476	3048	2056	1476	3048	2056	1000	1000	1000	1000	1000	1000	22701	179996	269994	22701	179996	269994	100	122	156	100	122	156	22493	178184	267276	22493	178184	267276
247	1482	3060	2073	1482	3060	2073	1000	1000	1000	1000	1000	1000	22805	180902	271353	22805	180902	271353	101	123	158	101	123	158	22597	179090	268635	22597	179090	268635
248	1488	3072	2091	1488	3072	2091	1000	1000	1000	1000	1000	1000	22909	181808	272712	22909	181808	272712	100	121	155	100	121	155	22701	179996	269994	22701	179996	269994
249	1494	3084	2109	1494	3084	2109	1000	1000	1000	1000	1000	1000	23013	182714	274071	23013	182714	274071	100	121	155	100	121	155	22805	180902	271353	22805	180902	271353
250	1500	3096	2057	1500	3096	2057	1000	1000	1000	1000	1000	1000	23117	183620	275430	23117	183620	275430	101	123	157	101	123	157	22909	181808	272712	22909	181808	272712
251	1506	3108	2074	1506	3108	2074	1000	1000	1000	1000	1000	1000	23221	184526	276789	23221	184526	276789	102	124	159	102	124	159	23013	182714	274071	23013	182714	274071
252	1512	3120	2092	1512	3120	2092	1000	1000	1000	1000	1000	1000	23325	185432	278148	23325	185432	278148	101	122	156	101	122	156	23117	183620	275430	23117	183620	275430
253	1518	3132	2110	1518	3132	2110	1000	1000	1000	1000	1000	1000	23429	186338	279507	23429	186338	279507	101	122	156	101	122	156	23221	184526	276789	23221	184526	276789
254	1524	3144	2058	5546	4662	9830	1000	1000	1000	102	123	157	23533	187244	280866	23325	185432	278148	102	124	158	102	124	158	23325	185432	278148	23325	185432	278148
255	1530	3156	2075	5568	4680	9868	1000	1000	1000	102	123	157	23637	188150	282225	23429	186338	279507	103	125	160	103	125	160	23429	186338	279507	23429	186338	279507
